%YAML:1.0
M1: !!opencv-matrix
   rows: 3
   cols: 3
   dt: d
   data: [ 1.1190281982421875e+003, 0., 6.1089129638671875e+002, 0.,
       1.1158917236328125e+003, 5.7890246582031250e+002, 0., 0., 1. ]
D1: !!opencv-matrix
   rows: 3
   cols: 4
   dt: d
   data: [ -4.4126856327056885e-001, 2.8150689601898193e-001,
       4.1296361014246941e-003, -1.3338294811546803e-003,
       -1.1785241961479187e-001, 0., 0., 0., 1.3649812899529934e-003,
       -1.4081409899517894e-003, -3.8962658494710922e-002,
       1.8709778785705566e-002 ]
